1.000000000 0.000000000 0.000000000 0.000000000 0.000000000 1.000000000 0.000000000 0.000000000 0.000000000 0.000000000 1.000000000 0.000000000
0.999978960 0.000425812 -0.006471130 -0.008259896 -0.000423219 0.999999821 0.000402046 -0.002009552 0.006471300 -0.000399298 0.999978960 0.091735028
0.999907315 0.000939866 -0.013581130 -0.016413907 -0.000938205 0.999999523 0.000128649 -0.001586525 0.013581244 -0.000115895 0.999907792 0.188361451
0.999772549 0.001368664 -0.021282621 -0.026101738 -0.001380927 0.999998868 -0.000561539 -0.002114388 0.021281829 0.000590801 0.999773324 0.285284936
0.999541700 0.001698569 -0.030223358 -0.042950626 -0.001759247 0.999996483 -0.001981173 -0.001910217 0.030219888 0.002033436 0.999541223 0.390610784
0.999125481 0.001921255 -0.041767810 -0.059038952 -0.002066122 0.999992013 -0.003425504 -0.004945282 0.041760895 0.003508806 0.999121487 0.501145244
0.998479128 0.001733575 -0.055103436 -0.084292032 -0.001959031 0.999989927 -0.004037762 -0.007957983 0.055095881 0.004139570 0.998472512 0.626010716
0.997427583 0.001835249 -0.071657687 -0.108529329 -0.002158702 0.999987841 -0.004436681 -0.004086759 0.071648672 0.004579955 0.997419417 0.761337757
0.995905578 0.000238929 -0.090399176 -0.134809077 -0.000619825 0.999991059 -0.004185448 -0.008984510 0.090397365 0.004224343 0.995896816 0.917421103
0.993913531 -0.000734951 -0.110160589 -0.176143795 0.000255223 0.999990404 -0.004368840 -0.012453970 0.110162750 0.004314133 0.993904173 1.075567245
0.991248012 -0.000749469 -0.132010669 -0.218954653 0.000148889 0.999989629 -0.004559294 -0.014241150 0.132012740 0.004499736 0.991237760 1.228365898
0.987739086 0.002787993 -0.156089291 -0.274428457 -0.003757702 0.999975443 -0.005917793 -0.019006953 0.156068981 0.006431771 0.987725198 1.397337675
0.983355165 0.007162422 -0.181552052 -0.340747714 -0.008620609 0.999936581 -0.007243947 -0.026031833 0.181488663 0.008688463 0.983354628 1.571723104
0.977965236 0.010074435 -0.208524510 -0.413361192 -0.012088572 0.999891758 -0.008386821 -0.028771551 0.208417490 0.010722782 0.977981210 1.753354669
0.971282184 0.010804937 -0.237684608 -0.492855608 -0.013250987 0.999874353 -0.008695837 -0.029877173 0.237560838 0.011595668 0.971303463 1.939621091
0.963212430 0.012525742 -0.268448830 -0.580473125 -0.015266786 0.999850452 -0.008125531 -0.034564599 0.268306911 0.011924964 0.963259697 2.135282993
0.953812957 0.014707376 -0.300040632 -0.675226688 -0.017650580 0.999819040 -0.007101157 -0.037158139 0.299881876 0.012069068 0.953899920 2.316772223
0.942559481 0.016530154 -0.333629012 -0.776162028 -0.019675063 0.999788105 -0.006049436 -0.037019722 0.333458304 0.012266126 0.942685008 2.506038427
0.930015624 0.018708242 -0.367043674 -0.877719581 -0.022200597 0.999739587 -0.005295089 -0.042941157 0.366849005 0.013073102 0.930188537 2.683797359
0.916187942 0.021550801 -0.400168836 -1.001985550 -0.025566936 0.999662101 -0.004699523 -0.043068402 0.399932414 0.014536737 0.916429341 2.867583275
0.900088847 0.022401938 -0.435130149 -1.115089893 -0.026790779 0.999633193 -0.003953667 -0.045232158 0.434881985 0.015216128 0.900358856 3.039505720
0.881697118 0.018255193 -0.471462637 -1.238249302 -0.023042236 0.999724865 -0.004382318 -0.047858424 0.471252978 0.014727430 0.881875098 3.214982986
0.860546887 0.013794626 -0.509184480 -1.374559164 -0.018711811 0.999814749 -0.004537294 -0.053529285 0.509027541 0.013432322 0.860645413 3.390192986
0.835490108 0.015358001 -0.549291074 -1.535362005 -0.019260459 0.999813557 -0.001341327 -0.056870572 0.549168110 0.011700260 0.835630119 3.570110559
0.806364357 0.021055844 -0.591044068 -1.712228060 -0.023961507 0.999708593 0.002923644 -0.064525351 0.590933502 0.011804784 0.806634009 3.732955933
0.773828149 0.024232995 -0.632931948 -1.911205053 -0.027393404 0.999613345 0.004780665 -0.066572152 0.632803082 0.013638748 0.774192750 3.902874231
0.738004327 0.023226351 -0.674396098 -2.127073050 -0.026345473 0.999637246 0.005597378 -0.068444222 0.674281538 0.013636397 0.738348424 4.075317383
0.698042870 0.018910216 -0.715806127 -2.344756842 -0.020325549 0.999771774 0.006590880 -0.066139311 0.715767443 0.009948436 0.698267817 4.242396355
0.655040920 0.015204659 -0.755440354 -2.581301689 -0.014833556 0.999863565 0.007261991 -0.065531924 0.755447805 0.006448965 0.655177057 4.404574394
0.611152589 0.014828183 -0.791373909 -2.844953060 -0.012364046 0.999881387 0.009186687 -0.063280798 0.791416407 0.004170117 0.611263335 4.543208122
0.562692285 0.015301262 -0.826524854 -3.122581244 -0.009977986 0.999881625 0.011717632 -0.059031401 0.826606274 0.001653632 0.562778294 4.684804440
0.512049198 0.016018042 -0.858806789 -3.417572737 -0.008374454 0.999871731 0.013655989 -0.055100091 0.858915269 0.000199500 0.512117624 4.803274155
0.459453106 0.017145721 -0.888036549 -3.722251177 -0.007842390 0.999852955 0.015247107 -0.044101939 0.888167322 -0.000041002 0.459520042 4.905178070
0.404860675 0.019347820 -0.914173663 -4.054135323 -0.006341399 0.999811471 0.018351860 -0.042456068 0.914356411 -0.001632807 0.404906988 5.000410557
0.349227101 0.021264365 -0.936796844 -4.409414768 -0.006147728 0.999772966 0.020402059 -0.034718357 0.937017918 -0.001365778 0.349278569 5.088610649
0.293850064 0.024296358 -0.955542743 -4.787461281 -0.003555634 0.999697804 0.024325643 -0.028198540 0.955844939 -0.003750529 0.293847591 5.162637711
0.240340367 0.026111560 -0.970337391 -5.131208420 0.001162563 0.999629617 0.027187761 -0.031198606 0.970687985 -0.007662395 0.240221024 5.217150688
0.189472944 0.026583627 -0.981526017 -5.522716999 0.003344927 0.999610126 0.027719120 -0.026086479 0.981880248 -0.008535156 0.189310148 5.251443386
0.141772240 0.027607616 -0.989514351 -5.934388638 0.000755016 0.999607623 0.027997402 -0.018679038 0.989899039 -0.004716353 0.141695768 5.272830963
0.099483013 0.027876360 -0.994648695 -6.357677937 -0.001023532 0.999609888 0.027913032 -0.006897852 0.995038748 -0.001758816 0.099472672 5.271922112
0.061663136 0.026537035 -0.997744143 -6.803772449 -0.002139040 0.999647737 0.026455466 -0.000288486 0.998094738 0.000502888 0.061698154 5.262759209
0.027145866 0.023810072 -0.999347866 -7.269516945 -0.000109787 0.999716341 0.023815867 0.005124509 0.999631464 -0.000536787 0.027140785 5.260272026
-0.003874078 0.021164101 -0.999768496 -7.745480537 0.000330173 0.999776006 0.021162983 0.009308025 0.999992430 -0.000248109 -0.003880195 5.229227543
-0.030754706 0.019332699 -0.999339938 -8.235714912 -0.000289607 0.999812722 0.019350760 0.016456008 0.999526918 0.000884543 -0.030743342 5.192372322
-0.051111180 0.016868912 -0.998550415 -8.744983673 -0.001369138 0.999855161 0.016961031 0.027603708 0.998692155 0.002234052 -0.051080689 5.142835140
-0.067989923 0.015935026 -0.997558773 -9.258083344 -0.000259033 0.999872029 0.015989633 0.038998812 0.997685969 0.001345535 -0.067977116 5.106332779
-0.080887437 0.016257856 -0.996590614 -9.796468735 -0.000007655 0.999866962 0.016311927 0.047479860 0.996723235 0.001327059 -0.080876552 5.050810337
-0.090544641 0.017775003 -0.995733798 -10.351674080 0.000166391 0.999840975 0.017833192 0.050622031 0.995892346 0.001449019 -0.090533189 4.991923809
-0.097472958 0.018821022 -0.995060205 -10.925276756 -0.001539634 0.999817133 0.019061817 0.051249638 0.995237112 0.003390039 -0.097426161 4.928224564
-0.101903990 0.019812793 -0.994596899 -11.517376900 -0.001397974 0.999797881 0.020059628 0.057980910 0.994793355 0.003434577 -0.101855695 4.859432220
-0.103300855 0.020481875 -0.994439304 -12.123943329 0.000658427 0.999789238 0.020523665 0.069500014 0.994650006 0.001465347 -0.103292562 4.794658661
-0.102462634 0.022741165 -0.994476914 -12.741230965 0.002614689 0.999741375 0.022592153 0.076155245 0.994733453 -0.000285396 -0.102495603 4.735759735
-0.100561321 0.025087545 -0.994614542 -13.393611908 0.001552143 0.999684751 0.025058500 0.083761886 0.994929612 0.000976132 -0.100568563 4.660272121
-0.098893978 0.025237350 -0.994777918 -14.047005653 -0.000741477 0.999676228 0.025435332 0.089300513 0.995097697 0.003253007 -0.098843262 4.590032578
-0.097266808 0.022663090 -0.995000362 -14.712568283 -0.002010955 0.999734223 0.022967495 0.101943761 0.995256305 0.004234876 -0.097195372 4.521987438
-0.095835648 0.022407142 -0.995144963 -15.391476631 -0.002745085 0.999736845 0.022774901 0.112661287 0.995393455 0.004914405 -0.095748916 4.450342655
-0.094271764 0.025144935 -0.995228887 -16.086086273 -0.002313768 0.999672830 0.025476377 0.125941098 0.995543838 0.004704432 -0.094182730 4.384934425
-0.092522703 0.028762463 -0.995295107 -16.809036255 -0.003098529 0.999569595 0.029174034 0.137973130 0.995705783 0.005783212 -0.092393763 4.314884186
-0.090654694 0.030879105 -0.995403588 -17.535316467 -0.003377591 0.999503851 0.031313919 0.147134334 0.995876670 0.006200819 -0.090505421 4.243081093
-0.088995613 0.030014753 -0.995579660 -18.273517609 -0.005468988 0.999516010 0.030622305 0.164326757 0.996017039 0.008170065 -0.088788390 4.171331406
-0.087128073 0.027125951 -0.995827675 -19.025312424 -0.007995929 0.999577880 0.027927699 0.174958646 0.996164978 0.010395856 -0.086874403 4.098804951
-0.085486390 0.026542746 -0.995985627 -19.798681259 -0.008978856 0.999583900 0.027409298 0.190629929 0.996298909 0.011285935 -0.085212491 4.024457455
-0.084125131 0.028672090 -0.996042490 -20.581323624 -0.006448545 0.999549329 0.029317675 0.209002048 0.996434212 0.008889380 -0.083902337 3.957037926
-0.083127961 0.031171087 -0.996051192 -21.378787994 -0.004161826 0.999491036 0.031626072 0.217498541 0.996530116 0.006774404 -0.082955927 3.893804550
-0.081371613 0.032701440 -0.996147096 -22.166976929 -0.003562377 0.999445736 0.033100717 0.234018028 0.996677399 0.006242113 -0.081210025 3.813093185
-0.080872521 0.027968850 -0.996331930 -22.958154678 -0.003796767 0.999590278 0.028368499 0.244308978 0.996717215 0.006077074 -0.080733202 3.756137371
-0.080520026 0.021155741 -0.996528447 -23.766286850 -0.002472861 0.999767363 0.021424310 0.252963603 0.996749938 0.004189361 -0.080448978 3.688317299
-0.080750138 0.016536962 -0.996597171 -24.586299896 0.000925803 0.999863148 0.016516145 0.265493244 0.996733963 0.000411028 -0.080754414 3.623787403
-0.081310540 0.017081695 -0.996542335 -25.422607422 0.002007747 0.999853849 0.016974637 0.276404381 0.996686757 -0.000620588 -0.081332967 3.553029299
-0.081211798 0.024796426 -0.996388316 -26.267229080 0.001014833 0.999692023 0.024795925 0.279693872 0.996696293 0.001002554 -0.081211954 3.475169420
-0.081672110 0.031857248 -0.996150017 -27.096494675 -0.000402717 0.999487936 0.031997014 0.289681315 0.996659279 0.003014429 -0.081617430 3.407821894
-0.082029775 0.037315059 -0.995931149 -27.940990448 -0.002360514 0.999288857 0.037635285 0.301609874 0.996627033 0.005438122 -0.081883349 3.331505775
-0.082304336 0.037821315 -0.995889425 -28.781917572 -0.004093232 0.999258459 0.038287554 0.310751736 0.996598840 0.007227637 -0.082088485 3.251959562
-0.082717732 0.034034185 -0.995991766 -29.616380692 -0.003983356 0.999397457 0.034481388 0.329705238 0.996565044 0.006819610 -0.082532309 3.180067301
-0.082531475 0.030985793 -0.996106684 -30.453594208 -0.004381208 0.999495625 0.031454213 0.349326849 0.996578753 0.006960112 -0.082354084 3.094875574
-0.082863465 0.032703187 -0.996024191 -31.281978607 -0.005534173 0.999430895 0.033275459 0.362355053 0.996545553 0.008269490 -0.082635313 3.021360397
-0.083019443 0.035163447 -0.995927393 -32.125591278 -0.006406203 0.999337792 0.035817880 0.372936726 0.996527374 0.009353693 -0.082739189 2.949736595
-0.082652383 0.033653814 -0.996010065 -32.952106476 -0.007536396 0.999379992 0.034393080 0.381056607 0.996549964 0.010348996 -0.082347482 2.870259047
-0.082476318 0.028383136 -0.996188760 -33.777153015 -0.008006539 0.999543190 0.029141590 0.393943131 0.996560812 0.010379517 -0.082211390 2.800876141
-0.082199641 0.024115585 -0.996324122 -34.612907410 -0.009576266 0.999641955 0.024985973 0.408341974 0.996569872 0.011594901 -0.081939265 2.721689463
-0.081462435 0.025140410 -0.996359348 -35.438877106 -0.009357598 0.999618411 0.025987726 0.412417859 0.996632457 0.011440551 -0.081196107 2.648066759
-0.080849290 0.027722277 -0.996340692 -36.268215179 -0.008092019 0.999561846 0.028468542 0.418973625 0.996693492 0.010364069 -0.080589548 2.578187704
-0.080475882 0.032654878 -0.996221483 -37.112937927 -0.007771367 0.999412239 0.033387251 0.430791080 0.996726215 0.010428870 -0.080174804 2.503570318
-0.079848617 0.037860584 -0.996087670 -37.957214355 -0.007079608 0.999231696 0.038547605 0.452701032 0.996781766 0.010129884 -0.079519227 2.431605339
-0.079799093 0.041175932 -0.995960116 -38.780906677 -0.007775331 0.999090374 0.041928317 0.465618491 0.996780634 0.011089763 -0.079406328 2.359032393
-0.079637244 0.041153803 -0.995974123 -39.612098694 -0.007264475 0.999096870 0.041863699 0.485100627 0.996797442 0.010569138 -0.079266354 2.290776014
-0.079489164 0.036646046 -0.996161938 -40.438423157 -0.007506312 0.999273717 0.037359495 0.506927848 0.996807456 0.010447176 -0.079156354 2.219122410
-0.078826897 0.032450188 -0.996360004 -41.267688751 -0.008308778 0.999414027 0.033206999 0.520119905 0.996853650 0.010896139 -0.078511082 2.138289213
-0.078582346 0.029789401 -0.996462405 -42.093444824 -0.012749447 0.999441743 0.030883897 0.532592535 0.996826112 0.015131275 -0.078158669 2.058387280
-0.079008676 0.028040294 -0.996479452 -42.916397095 -0.015476743 0.999449372 0.029350981 0.544041753 0.996753752 0.017741239 -0.078531198 1.980917215
-0.080017157 0.025986239 -0.996454597 -43.730293274 -0.013717840 0.999536753 0.027168183 0.550335348 0.996699214 0.015843127 -0.079623610 1.926615715
-0.081280276 0.022506244 -0.996437013 -44.559463501 -0.010276223 0.999672890 0.023417573 0.556744754 0.996638298 0.012142996 -0.081022412 1.862241507
-0.081803598 0.020950848 -0.996428251 -45.384017944 -0.006007680 0.999750495 0.021513917 0.565814257 0.996630430 0.007746138 -0.081657320 1.789341450
-0.083950229 0.024438476 -0.996170223 -46.202789307 -0.005721100 0.999670863 0.025006495 0.571416914 0.996453464 0.007798493 -0.083782785 1.719620466
-0.085542105 0.030821573 -0.995857716 -47.021110535 -0.003239819 0.999507487 0.031212829 0.576678813 0.996329308 0.005896410 -0.085400097 1.646404982
-0.087102041 0.034329195 -0.995607674 -47.828308105 -0.001291159 0.999401331 0.034572963 0.588787317 0.996198535 0.004296864 -0.087005556 1.569982529
-0.088436954 0.033921983 -0.995504022 -48.614284515 -0.001918488 0.999412239 0.034225594 0.589510441 0.996079862 0.004936669 -0.088319890 1.495206356
-0.089199685 0.029817088 -0.995567441 -49.413692474 -0.005278813 0.999523580 0.030408544 0.601378024 0.995999753 0.007967846 -0.088999793 1.408958912
-0.090456635 0.026311371 -0.995552719 -50.201400757 -0.009861415 0.999578297 0.027313778 0.609105468 0.995851517 0.012288273 -0.090159029 1.325974941
-0.091696739 0.024863444 -0.995476604 -50.996669769 -0.014336554 0.999551654 0.026285816 0.617197394 0.995683730 0.016682027 -0.091299169 1.235208035
-0.092876926 0.025910540 -0.995340407 -51.785282135 -0.015841059 0.999496341 0.027496878 0.625088513 0.995551586 0.018321071 -0.092419691 1.157565594
-0.094021924 0.027488697 -0.995190561 -52.572578430 -0.015743190 0.999452591 0.029093783 0.633150220 0.995445669 0.018402925 -0.093537696 1.080497265
-0.094763704 0.026940927 -0.995135307 -53.355178833 -0.017559797 0.999433100 0.028729446 0.640101910 0.995344818 0.020196879 -0.094236888 0.996566296
-0.095357284 0.026810031 -0.995082080 -54.132900238 -0.018360455 0.999419868 0.028686356 0.647566974 0.995273709 0.021005612 -0.094809696 0.915630341
-0.095952012 0.028713496 -0.994971871 -54.907962799 -0.016486354 0.999400795 0.030431211 0.655871511 0.995249391 0.019323388 -0.095421158 0.839919567
-0.096246079 0.031562619 -0.994857073 -55.674724579 -0.015957607 0.999319673 0.033248000 0.667442441 0.995229602 0.019075524 -0.095676929 0.767521381
-0.096395209 0.035808712 -0.994698763 -56.462368011 -0.015727565 0.999173105 0.037493929 0.677827239 0.995218873 0.019258425 -0.095752314 0.682525158
-0.097041138 0.037797332 -0.994562387 -57.223777771 -0.015964177 0.999090970 0.039527092 0.692432165 0.995152295 0.019713126 -0.096349530 0.607752800
-0.097777404 0.037898038 -0.994486392 -57.974033356 -0.015539583 0.999094725 0.039601490 0.702443361 0.995086968 0.019326033 -0.097099952 0.531339645
-0.098042451 0.036117472 -0.994526625 -58.713672638 -0.014949846 0.999174953 0.037760075 0.710346460 0.995069921 0.018570110 -0.097421601 0.457647324
-0.098233156 0.032218467 -0.994641721 -59.449089050 -0.014531254 0.999322832 0.033805232 0.728347063 0.995057344 0.017774187 -0.097698443 0.379156590
-0.097868674 0.029443549 -0.994763732 -60.176048279 -0.014939581 0.999406159 0.031050771 0.736895561 0.995087206 0.017900251 -0.097370699 0.300168991
-0.096651167 0.027128408 -0.994948566 -60.884651184 -0.015348196 0.999469042 0.028742613 0.747182429 0.995200038 0.018048672 -0.096183486 0.227341652
-0.094130233 0.026304618 -0.995212317 -61.583465576 -0.018179141 0.999438763 0.028135765 0.752814531 0.995393932 0.020740531 -0.093599223 0.150312424
-0.089835763 0.027243741 -0.995583951 -62.271278381 -0.018234303 0.999413192 0.028993890 0.757589102 0.995789647 0.020758467 -0.089286275 0.083051205
-0.084255986 0.029002829 -0.996021986 -62.909549713 -0.017891912 0.999371171 0.030613869 0.758561134 0.996283531 0.020400137 -0.083684072 0.036079407
-0.077203453 0.030538555 -0.996547580 -63.565486908 -0.016686896 0.999351382 0.031917214 0.767502427 0.996875703 0.019093407 -0.076643758 -0.011170864
-0.068295099 0.031807378 -0.997158051 -64.202072144 -0.017948097 0.999290764 0.033104669 0.772861719 0.997503698 0.020157976 -0.067675784 -0.055817127
-0.056492016 0.033704795 -0.997834027 -64.825767517 -0.019902445 0.999193430 0.034877483 0.780093312 0.998204648 0.021829633 -0.055775639 -0.094321012
-0.041492991 0.035157625 -0.998520136 -65.431999207 -0.023064572 0.999080718 0.036135800 0.787724972 0.998872578 0.024529818 -0.040643945 -0.122347355
-0.023261916 0.036135335 -0.999076188 -66.027122498 -0.024239464 0.999032378 0.036698133 0.799430728 0.999435544 0.025070740 -0.022363517 -0.130356550
-0.001206659 0.036873039 -0.999319255 -66.593193054 -0.025449945 0.998995245 0.036891803 0.812497497 0.999675274 0.025477136 -0.000267036 -0.116085611
0.024523415 0.037350990 -0.999001265 -67.107383728 -0.025082247 0.999010146 0.036735609 0.816963196 0.999384522 0.024156317 0.025435990 -0.092465401
0.053955868 0.036730204 -0.997867525 -67.631072998 -0.023758452 0.999087512 0.035490464 0.825802684 0.998260617 0.021792876 0.054779291 -0.046532631
0.088118382 0.036636017 -0.995436072 -68.141647339 -0.022655010 0.999138653 0.034766808 0.833973169 0.995852292 0.019488024 0.088872477 0.019907951
0.125660121 0.036697265 -0.991394460 -68.611831665 -0.022201341 0.999169350 0.034171022 0.842857599 0.991824865 0.017716346 0.126370475 0.106415749
0.166959733 0.036761377 -0.985278249 -69.062080383 -0.022079868 0.999193549 0.033539034 0.842278719 0.985716343 0.016155150 0.167636782 0.198190689
0.212055564 0.037824977 -0.976525366 -69.485176086 -0.021847578 0.999184370 0.033958390 0.849743009 0.977013290 0.014133647 0.212708995 0.310196877
0.260129750 0.036553431 -0.964881539 -69.906288147 -0.017852720 0.999294460 0.033044074 0.843717694 0.965408564 0.008630013 0.260598749 0.465166092
0.309484541 0.031400815 -0.950385928 -70.312225342 -0.010294617 0.999506712 0.029671419 0.846924901 0.950848818 0.000601015 0.309655160 0.651538849
0.361547917 0.026855197 -0.931966782 -70.678314209 -0.005713584 0.999630094 0.026588429 0.838932157 0.932336032 -0.004288118 0.361567616 0.820552826
0.413768619 0.022073738 -0.910114408 -71.062988281 -0.000804003 0.999714494 0.023881350 0.847171783 0.910381734 -0.009149617 0.413668185 1.038623810
0.465080023 0.021260915 -0.885013282 -71.441894531 -0.001129383 0.999724984 0.023423173 0.860220909 0.885267973 -0.009894130 0.464976132 1.273754120
0.513266146 0.020425089 -0.857986450 -71.811058044 0.000347452 0.999711752 0.024006827 0.861183524 0.858229399 -0.012619999 0.513111055 1.531133652
0.557890177 0.015135300 -0.829776764 -72.162200928 0.008633930 0.999673665 0.024039173 0.876810670 0.829869807 -0.020575456 0.557577491 1.825805664
0.601353168 0.008786110 -0.798934996 -72.478591919 0.018978715 0.999500334 0.025276938 0.874156475 0.798757911 -0.030363126 0.600885987 2.133384705
0.644099116 0.004083239 -0.764931142 -72.804611206 0.019966958 0.999555230 0.022148563 0.874366879 0.764681458 -0.029539214 0.643731117 2.448020935
0.686630011 0.000729791 -0.727006674 -73.079872131 0.016033044 0.999741077 0.016146166 0.859691739 0.726830184 -0.022742573 0.686440527 2.724464417
0.727276027 -0.006317690 -0.686316073 -73.361312866 0.012937016 0.999906123 0.004504749 0.864092886 0.686223149 -0.012155079 0.727289438 3.064929962
0.766449690 -0.008822577 -0.642243624 -73.634674072 0.008258476 0.999958336 -0.003880927 0.868321896 0.642251134 -0.002329415 0.766490698 3.431686401
0.803204715 -0.009364245 -0.595629632 -73.884391785 0.006462029 0.999954581 -0.007006854 0.864082515 0.595668137 0.001778961 0.803228617 3.826324463
0.836870790 -0.010222187 -0.547305107 -74.112869263 0.006985248 0.999943614 -0.007995287 0.849146843 0.547355950 0.002867959 0.836894989 4.246105194
0.867680788 -0.008201071 -0.497054040 -74.364715576 0.003231801 0.999935865 -0.010856713 0.847469211 0.497111261 0.007813782 0.867651641 4.700868607
0.893435717 -0.006895754 -0.449138045 -74.571151733 0.002819052 0.999948561 -0.009744793 0.836470246 0.449182123 0.007440203 0.893409252 5.179401398
0.914387941 -0.000929421 -0.404838026 -74.763694763 -0.002874736 0.999957204 -0.008788712 0.825628996 0.404828876 0.009200095 0.914346159 5.675354004
0.931769371 0.003447284 -0.363034368 -74.951171875 -0.007740256 0.999916255 -0.010371299 0.817367017 0.362968206 0.012473637 0.931718051 6.191503525
0.945029676 0.008356581 -0.326877713 -75.121803284 -0.012006185 0.999886036 -0.009148908 0.808809876 0.326764017 0.012570544 0.945022345 6.727931976
0.955016732 0.009272449 -0.296406984 -75.284652710 -0.012028612 0.999899685 -0.007476227 0.798739731 0.296307951 0.010705287 0.955032468 7.261848450
0.962272584 0.008724816 -0.271947622 -75.434410095 -0.010779804 0.999923527 -0.006063521 0.787260294 0.271873891 0.008766302 0.962292910 7.842817307
0.968024194 0.008927434 -0.250698209 -75.578926086 -0.010258596 0.999939263 -0.004003521 0.778126478 0.250647277 0.006447316 0.968056977 8.443029404
0.972580016 0.011544484 -0.232282162 -75.725578308 -0.012195338 0.999924600 -0.001366121 0.768861711 0.232248902 0.004161422 0.972647488 9.063934326
0.976048410 0.016206721 -0.216949388 -75.869880676 -0.016669938 0.999861002 -0.000305121 0.769104779 0.216914296 0.003914346 0.976182938 9.698410988
0.978768826 0.020377329 -0.203952193 -76.003860474 -0.020547360 0.999788046 0.001284127 0.753879964 0.203935131 0.002933817 0.978980005 10.345607758
0.981448412 0.018487403 -0.190832749 -76.129356384 -0.018625284 0.999825954 0.001071250 0.744528651 0.190819323 0.002502938 0.981621981 11.013598442
0.983985722 0.018437134 -0.177291095 -76.243003845 -0.018597502 0.999826729 0.000757307 0.736846149 0.177274331 0.002551992 0.984158158 11.693357468
0.986567616 0.018650224 -0.162285328 -76.357582092 -0.018704491 0.999824345 0.001193592 0.734409988 0.162279069 0.001857906 0.986743212 12.389589310
0.988742769 0.019929877 -0.148291707 -76.458862305 -0.019901766 0.999800503 0.001673566 0.728486598 0.148295492 0.001296541 0.988942206 13.094519615
0.990564823 0.020480713 -0.135506049 -76.563720703 -0.020788999 0.999783516 -0.000860229 0.714091718 0.135459095 0.003669148 0.990776062 13.826551437
0.991973758 0.021270061 -0.124641784 -76.660697937 -0.022222215 0.999733627 -0.006253609 0.697685778 0.124475576 0.008973233 0.992182076 14.565317154
0.993212879 0.019459665 -0.114671230 -76.748405457 -0.021041760 0.999699175 -0.012602417 0.689663053 0.114391483 0.014929765 0.993323505 15.304399490
0.994106710 0.019194975 -0.106692821 -76.828018188 -0.020674724 0.999704659 -0.012780415 0.678535938 0.106415994 0.014910942 0.994209826 16.061355591
0.994778395 0.020553637 -0.099967644 -76.903678894 -0.021292366 0.999753356 -0.006328252 0.661967218 0.099812903 0.008423756 0.994970560 16.827919006
0.995183647 0.025897859 -0.094545238 -76.989318848 -0.025870018 0.999664068 0.001520368 0.641724050 0.094552860 0.000932841 0.995519340 17.602590561
0.995554745 0.026635550 -0.090339661 -77.074943542 -0.026290745 0.999641776 0.005004777 0.632585168 0.090440601 -0.002607432 0.995898426 18.390079498
0.995881915 0.025578391 -0.086976506 -77.141014099 -0.025332905 0.999671400 0.003925169 0.621257365 0.087048329 -0.001705638 0.996202588 19.159418106
0.996137381 0.025643073 -0.083981723 -77.205688477 -0.025481936 0.999670744 0.002990230 0.609607577 0.084030747 -0.000838663 0.996462822 19.924623489
0.996422529 0.024819687 -0.080784537 -77.277008057 -0.024480265 0.999686778 0.005189427 0.600688219 0.080888025 -0.003193235 0.996718049 20.703681946
0.996684134 0.022405963 -0.078222655 -77.346855164 -0.021888645 0.999732435 0.007464701 0.591586471 0.078368984 -0.005727761 0.996907890 21.484729767
0.996946156 0.019703761 -0.075565092 -77.392730713 -0.019049931 0.999774635 0.009363644 0.584165275 0.075732566 -0.007895538 0.997096896 22.237688065
0.997176945 0.019094596 -0.072618835 -77.452308655 -0.018746158 0.999809265 0.005476763 0.575443804 0.072709575 -0.004099977 0.997344673 22.996673584
0.997214019 0.022077298 -0.071250856 -77.506095886 -0.022219390 0.999752402 -0.001202190 0.557965517 0.071206696 0.002781991 0.997457683 23.744976044
0.997341990 0.023172444 -0.069079511 -77.569885254 -0.023836385 0.999677122 -0.008802382 0.542048812 0.068853237 0.010425594 0.997572303 24.498477936
0.997359931 0.024305040 -0.068427645 -77.619232178 -0.025248626 0.999597132 -0.012958596 0.525295138 0.068085119 0.014652087 0.997571886 25.247516632
0.997477889 0.025614955 -0.066193335 -77.676979065 -0.026432889 0.999584258 -0.011510500 0.507104158 0.065870963 0.013231150 0.997740448 26.007329941
0.997528791 0.029337717 -0.063839287 -77.737991333 -0.029853238 0.999528825 -0.007136257 0.480947286 0.063599847 0.009024433 0.997934699 26.777645111
0.997607827 0.032059956 -0.061244342 -77.795372009 -0.032245267 0.999477863 -0.002039604 0.464659691 0.061146978 0.004009565 0.998120725 27.522098541
0.997826815 0.029854640 -0.058739815 -77.841857910 -0.029928017 0.999551952 -0.000369821 0.451925755 0.058702465 0.002126983 0.998273194 28.281524658
0.998004913 0.027107490 -0.057023466 -77.894561768 -0.027171547 0.999630690 -0.000348234 0.435214698 0.056992967 0.001896955 0.998372793 29.044799805
0.998119950 0.024907341 -0.056003615 -77.934822083 -0.024956860 0.999688447 -0.000184967 0.418680072 0.055981554 0.001582293 0.998430610 29.794963837
0.998162448 0.024609674 -0.055372048 -77.977584839 -0.024772560 0.999690473 -0.002257066 0.406311959 0.055299379 0.003624627 0.998463273 30.547220230
0.998253286 0.022515586 -0.054621268 -78.019485474 -0.022746792 0.999734640 -0.003614776 0.394548416 0.054525401 0.004850921 0.998500645 31.304603577
0.998309135 0.021107327 -0.054160476 -78.060234070 -0.021331210 0.999766171 -0.003558813 0.381198674 0.054072693 0.004708104 0.998525977 32.063133240
0.998274982 0.025184331 -0.053034633 -78.115325928 -0.025358183 0.999675035 -0.002607654 0.368063927 0.052951731 0.003948018 0.998589277 32.840343475
0.998287141 0.024876401 -0.052951977 -78.159011841 -0.025087612 0.999679685 -0.003327550 0.355387688 0.052852232 0.004650289 0.998591661 33.620712280
0.998201787 0.024384545 -0.054759510 -78.201545715 -0.024605431 0.999691546 -0.003363012 0.340414345 0.054660607 0.004704345 0.998493969 34.396286011
0.998165429 0.022045132 -0.056389026 -78.254318237 -0.022237485 0.999748826 -0.002785894 0.326569796 0.056313448 0.004034733 0.998404980 35.183837891
0.997946262 0.023693519 -0.059513777 -78.313476562 -0.023919731 0.999709010 -0.003091316 0.315798998 0.059423231 0.004508522 0.998222768 35.988594055
0.997666776 0.027790273 -0.062359020 -78.368019104 -0.028033951 0.999602318 -0.003035937 0.296056449 0.062249858 0.004777024 0.998049200 36.764122009
0.997492313 0.028134676 -0.064941563 -78.430389404 -0.028708195 0.999556482 -0.007914923 0.281128734 0.064690076 0.009759431 0.997857690 37.560234070
0.997328281 0.028468467 -0.067272805 -78.498153687 -0.029300410 0.999505401 -0.011412364 0.268577009 0.066914648 0.013352996 0.997669458 38.354759216
0.997212470 0.028647449 -0.068894885 -78.566085815 -0.029618721 0.999475121 -0.013117775 0.254066586 0.068482950 0.015121790 0.997537673 39.146862030
0.997066081 0.028969646 -0.070852093 -78.636642456 -0.029871048 0.999485314 -0.011695801 0.234905303 0.070476815 0.013777912 0.997418284 39.970012665
0.996927738 0.027469747 -0.073353127 -78.694747925 -0.028366728 0.999534547 -0.011214385 0.216865420 0.073010944 0.013260716 0.997243047 40.794136047
0.996810079 0.026971938 -0.075114809 -78.759147644 -0.027729778 0.999574304 -0.009064325 0.195018321 0.074838355 0.011118327 0.997133672 41.620861053
0.996786416 0.026456347 -0.075611517 -78.836563110 -0.026935088 0.999623001 -0.005318688 0.179437995 0.075442299 0.007338197 0.997123122 42.445892334
0.996691108 0.026470045 -0.076849721 -78.904640198 -0.026615532 0.999645352 -0.000869392 0.167674959 0.076799467 0.002911912 0.997042239 43.326099396
0.996771038 0.026172005 -0.075910360 -78.974639893 -0.026144296 0.999657273 0.001358907 0.152156189 0.075919911 0.000630104 0.997113705 44.177982330
0.996813595 0.029472409 -0.074120879 -79.042907715 -0.029455762 0.999565184 0.001317922 0.139288574 0.074127495 0.000869564 0.997248352 45.031341553
0.996967375 0.028853092 -0.072273374 -79.112022400 -0.028909672 0.999581993 0.000263285 0.129291326 0.072250761 0.001826913 0.997384787 45.900394440
0.997134387 0.026551101 -0.070838146 -79.172157288 -0.026767245 0.999639511 -0.002103635 0.115622625 0.070756748 0.003993749 0.997485578 46.760135651
0.997335136 0.022501539 -0.069399007 -79.227386475 -0.022823900 0.999731958 -0.003855517 0.101511687 0.069293663 0.005429198 0.997581482 47.631504059
0.997523844 0.021361355 -0.067004994 -79.297378540 -0.021662623 0.999758184 -0.003772767 0.085987359 0.066908196 0.005214929 0.997745514 48.507614136
0.997629881 0.019096771 -0.066104472 -79.356391907 -0.019216623 0.999814630 -0.001177624 0.069261864 0.066069730 0.002445138 0.997812033 49.383388519
0.997760057 0.016549280 -0.064814530 -79.419631958 -0.016519725 0.999863148 0.000991907 0.058656666 0.064822070 0.000081033 0.997896850 50.259922028
0.997799575 0.015976746 -0.064347841 -79.473617554 -0.015891921 0.999871969 0.001829904 0.035903178 0.064368829 -0.000803267 0.997925878 51.133419037
0.997844636 0.018126713 -0.063068151 -79.534706116 -0.018283451 0.999831021 -0.001908954 0.022438534 0.063022882 0.003057943 0.998007536 52.015472412
0.997855544 0.020461610 -0.062174495 -79.600044250 -0.020943915 0.999755383 -0.007115534 -0.002677977 0.062013686 0.008402454 0.998039901 52.873916626
0.997869968 0.022459114 -0.061246909 -79.658531189 -0.023292409 0.999645174 -0.012925603 -0.019778252 0.060934879 0.014324661 0.998038948 53.732246399
0.997787178 0.027362097 -0.060598996 -79.721275330 -0.028555153 0.999413431 -0.018909942 -0.041733980 0.060046021 0.020598510 0.997983038 54.583122253
0.997858882 0.027239984 -0.059462212 -79.778129578 -0.028430838 0.999409914 -0.019273741 -0.076874614 0.058902107 0.020923033 0.998044431 55.430480957
0.997929215 0.023822578 -0.059747543 -79.827629089 -0.024679856 0.999602199 -0.013651699 -0.093432188 0.059398543 0.015097991 0.998120129 56.284038544
0.997907519 0.023606693 -0.060194224 -79.885818481 -0.023925386 0.999703228 -0.004579128 -0.118571639 0.060068261 0.006009714 0.998176157 57.140537262
0.997855902 0.022405069 -0.061494790 -79.939910889 -0.022256959 0.999747515 0.003092504 -0.139650971 0.061548557 -0.001717186 0.998102605 57.994983673
0.997776628 0.019420242 -0.063754424 -79.997711182 -0.019437021 0.999811053 0.000357039 -0.147951260 0.063749321 0.000882952 0.997965574 58.825172424
0.997732162 0.015346603 -0.065536253 -80.057601929 -0.015554225 0.999875546 -0.002658998 -0.172254771 0.065487295 0.003672333 0.997846603 59.668262482
0.997581482 0.013937524 -0.068094537 -80.117645264 -0.014250892 0.999889970 -0.004118352 -0.193834066 0.068029642 0.005078800 0.997670293 60.487503052
0.997364998 0.015876137 -0.070789136 -80.183189392 -0.016378077 0.999844670 -0.006515786 -0.212653518 0.070674688 0.007658005 0.997470021 61.310424805
0.997096002 0.017526804 -0.074109338 -80.254058838 -0.018292740 0.999785900 -0.009669057 -0.237173438 0.073924005 0.010996642 0.997203112 62.125785828
0.996801198 0.018452600 -0.077762164 -80.329689026 -0.019532548 0.999722719 -0.013150156 -0.255711913 0.077497937 0.014626984 0.996885121 62.942600250
0.996512532 0.020410923 -0.080908448 -80.402107239 -0.021846933 0.999618411 -0.016903143 -0.284465909 0.080532573 0.018611794 0.996578097 63.740779877
0.996177137 0.024663351 -0.083802477 -80.498451233 -0.026148785 0.999518991 -0.016674079 -0.314075708 0.083350927 0.018801669 0.996342838 64.559326172
0.995775759 0.028162548 -0.087393068 -80.578781128 -0.029575579 0.999451280 -0.014915962 -0.336141467 0.086925037 0.017437650 0.996062279 65.363594055
0.995366216 0.031179320 -0.090961732 -80.666999817 -0.032122031 0.999444127 -0.008917939 -0.359818280 0.090633132 0.011798486 0.995814443 66.164726257
0.994976521 0.031778343 -0.094931185 -80.753471375 -0.032219771 0.999475896 -0.003120425 -0.381492525 0.094782278 0.006163408 0.995478928 66.981025696
0.994495571 0.031009912 -0.100085385 -80.833717346 -0.031117301 0.999515653 0.000488338 -0.399371773 0.100052044 0.002628737 0.994978666 67.770416260
0.993844807 0.030442566 -0.106517039 -80.924194336 -0.030427512 0.999535501 0.001766848 -0.413785696 0.106521346 0.001485076 0.994309306 68.559936523
0.993319809 0.028108152 -0.111918561 -81.021400452 -0.027676718 0.999602318 0.005406985 -0.426297516 0.112026028 -0.002273326 0.993702650 69.339653015
0.992476642 0.029465592 -0.118835010 -81.112152100 -0.029098805 0.999565005 0.004820811 -0.435358822 0.118925348 -0.001326586 0.992902219 70.123947144
0.991622031 0.034261439 -0.124546617 -81.224617004 -0.034018598 0.999412954 0.004076633 -0.447522432 0.124613173 0.000194422 0.992205322 70.893562317
0.990817070 0.036444213 -0.130204320 -81.342636108 -0.036674876 0.999327004 0.000626613 -0.460153967 0.130139530 0.004154369 0.991486967 71.656356812
0.989999712 0.035043176 -0.136647835 -81.450531006 -0.035705514 0.999359488 -0.002398194 -0.466997653 0.136476234 0.007253291 0.990616918 72.412368774
0.989200890 0.036415648 -0.141970947 -81.568405151 -0.037268519 0.999299765 -0.003352121 -0.483773202 0.141749427 0.008606967 0.989865184 73.178428650
0.988490045 0.038399544 -0.146331683 -81.692962646 -0.038556702 0.999254823 0.001763217 -0.493521720 0.146290347 0.003899145 0.989233971 73.944664001
0.987554967 0.039197758 -0.152310953 -81.822448730 -0.038777966 0.999231577 0.005726852 -0.502158046 0.152418360 0.000250727 0.988316059 74.715011597
0.986565769 0.038661759 -0.158723950 -81.948646545 -0.037829209 0.999250054 0.008264485 -0.521053195 0.158924460 -0.002149056 0.987288415 75.472953796
0.985488296 0.036359970 -0.165803537 -82.080711365 -0.036107369 0.999337733 0.004538490 -0.529769897 0.165858746 0.001514101 0.986148357 76.220359802
0.984130979 0.034025740 -0.174150631 -82.221885681 -0.035041317 0.999382079 -0.002759285 -0.534806728 0.173949137 0.008817968 0.984715104 76.967773438
0.982542276 0.031578925 -0.183339417 -82.368041992 -0.032953467 0.999446929 -0.004454665 -0.546542406 0.183097363 0.010418566 0.983039618 77.712684631
0.980455101 0.031076424 -0.194272548 -82.514068604 -0.031943671 0.999488831 -0.001332171 -0.562814891 0.194131806 0.007511914 0.980946660 78.445884705
0.978190780 0.031280994 -0.205339476 -82.682189941 -0.030957771 0.999509335 0.004787350 -0.570830822 0.205388457 0.001673912 0.978679121 79.189392090
0.975732863 0.032026120 -0.216609702 -82.850967407 -0.029972831 0.999469221 0.012758660 -0.581762552 0.216903359 -0.005956638 0.976174831 79.905570984
0.973176181 0.032649353 -0.227732509 -83.033012390 -0.029743556 0.999426603 0.016180890 -0.589232564 0.228130206 -0.008973281 0.973589242 80.631134033
0.970246553 0.035945334 -0.239435837 -83.224411011 -0.033997092 0.999346673 0.012263370 -0.601781011 0.239720240 -0.003758372 0.970834732 81.348342896
0.967309296 0.035775229 -0.251063734 -83.427368164 -0.036165085 0.999341190 0.003062324 -0.608297586 0.251007855 0.006117525 0.967965722 82.045349121
0.964126766 0.033383701 -0.263334602 -83.633255005 -0.035146885 0.999380112 -0.001986247 -0.607578158 0.263105065 0.011170384 0.964702487 82.754776001
0.960733235 0.032048449 -0.275616854 -83.837280273 -0.032424580 0.999469221 0.003193081 -0.611853182 0.275572866 0.005869064 0.961262286 83.485069275
0.957417727 0.033271458 -0.286782950 -84.063751221 -0.031558778 0.999445796 0.010593656 -0.618830085 0.286976457 -0.001092033 0.957937121 84.207405090
0.953748703 0.033113722 -0.298775792 -84.297073364 -0.029731795 0.999432147 0.015858900 -0.622136593 0.299131304 -0.006242264 0.954191625 84.919441223
0.949695766 0.030751310 -0.311660945 -84.536193848 -0.027768640 0.999516308 0.014004579 -0.624668837 0.311940849 -0.004645689 0.950090170 85.632614136
0.946027339 0.029310666 -0.322758734 -84.791809082 -0.027514406 0.999570072 0.010127345 -0.633033633 0.322916806 -0.000700231 0.946427107 86.328338623
0.942996681 0.024617892 -0.331890255 -85.042373657 -0.024968969 0.999683082 0.003207199 -0.640046299 0.331864059 0.005262580 0.943312526 87.025581360
0.940219402 0.020659773 -0.339942157 -85.298446655 -0.022961894 0.999732494 -0.002750386 -0.646159232 0.339794368 0.010391681 0.940442383 87.729881287
0.937676668 0.020214519 -0.346920460 -85.569519043 -0.023317924 0.999716699 -0.004773080 -0.654146135 0.346725672 0.012565071 0.937882364 88.432090759
0.934667885 0.025871966 -0.354579449 -85.860305786 -0.029333225 0.999560058 -0.004388974 -0.672882318 0.354309857 0.014503192 0.935015559 89.142318726
0.931633532 0.025723660 -0.362487316 -86.131347656 -0.028391924 0.999594808 -0.002034929 -0.687678277 0.362288117 0.012187523 0.931986451 89.833679199
0.928568482 0.025895622 -0.370256484 -86.418045044 -0.026094187 0.999649525 0.004473405 -0.689928710 0.370242566 0.005507678 0.928918839 90.540809631
0.925706565 0.028036021 -0.377201915 -86.704322815 -0.025019933 0.999603748 0.012894420 -0.698794007 0.377413988 -0.002498887 0.926041305 91.251808167
0.923169971 0.038346820 -0.382474422 -87.027107239 -0.033329915 0.999249458 0.019736910 -0.708525181 0.382944196 -0.005472689 0.923755288 91.953437805
0.920384228 0.044790022 -0.388441443 -87.329307556 -0.041550625 0.998996139 0.016740041 -0.706546664 0.388801217 0.000732714 0.921321392 92.639762878
0.918099582 0.041259162 -0.394196451 -87.632789612 -0.040940363 0.999119043 0.009222527 -0.706458688 0.394229680 0.007671346 0.918979943 93.326782227
0.916210175 0.033775996 -0.399271935 -87.934707642 -0.035979751 0.999350488 0.001976234 -0.712866306 0.399079353 0.012555061 0.916830540 94.017784119
0.914263248 0.034141965 -0.403679401 -88.241317749 -0.036819346 0.999321163 0.001130147 -0.713990331 0.403443962 0.013829961 0.914899886 94.716979980
0.912293315 0.040755048 -0.407504439 -88.588546753 -0.041757561 0.999107063 0.006438002 -0.724322677 0.407402873 0.011143044 0.913180649 95.413986206
0.909931779 0.043221019 -0.412499785 -88.914794922 -0.042602472 0.999034703 0.010700519 -0.730159402 0.412564129 0.007836770 0.910894811 96.119125366
0.907750487 0.039355095 -0.417660296 -89.237518311 -0.039317947 0.999188840 0.008696740 -0.739019156 0.417663813 0.008527077 0.908561587 96.817565918
0.905468822 0.037934426 -0.422713965 -89.571090698 -0.040614564 0.999171317 0.002667911 -0.750579119 0.422464877 0.014752639 0.906259239 97.505424500
0.903392792 0.035229921 -0.427364260 -89.911163330 -0.040762652 0.999161601 -0.003800739 -0.756403506 0.426872075 0.020854061 0.904071510 98.199829102
